65
62
37
46
34
12
46
19
4
28
20
4
15
14
91
78
76
70
29
97
6
24
18
25
40
14
6
72
96
79
57
45
24
54
16
25
12
26
93
48
41
24
28
42
41
5
38
89
36
90
62
92
97
42
50
78
70
14
13
53
69
70
80
25
11
65
62
26
41
83
22
83
9
2
49
67
77
49
24
74
25
14
81
48
74
91
85
55
4
33
94
92
83
32
31
71
29
74
68
60
11
3
46
72
41
42
52
20
90
26
98
92
17
63
23
84
32
79
59
100
1
14
28
93
33
6
94
9
83
4
4
30
99
22
47
91
3
79
93
90
72
83
55
2
91
54
7
61
16
50
78
49
80
95
79
32
24
100
16
69
89
18
34
29
78
40
56
91
61
19
55
45
40
83
99
32
10
6
64
86
85
42
67
76
96
9
76
66
68
3
67
23
70
18
3
20
15
66
62
18
78
4
86
88
49
11
82
29
3
52
97
100
60
10
5
71
5
10
69
7
98
74
44
11
10
29
96
82
25
11
34
42
78
3
73
79
37
97
85
27
76
8
78
31
82
49
76
5
6
99
84
79
46
46
45
39
48
93
70
32
24
43
100
5
6
53
5
10
4
42
58
17
28
19
67
2
78
28
74
17
38
55
80
74
28
36
89
26
90
55
63
50
53
32
14
80
19
96
5
29
75
8
26
55
32
8
95
50
23
14
45
88
14
60
4
64
87
26
100
11
35
90
23
40
35
85
65
1
68
91
41
14
41
96
64
99
24
5
100
24
29
72
96
49
48
56
94
75
75
49
49
26
36
63
57
5
7
34
8
10
84
40
23
51
74
39
2
81
6
12
41
18
11
50
72
40
95
13
49
88
36
54
46
74
31
27
29
31
24
55
28
96
64
20
4
66
71
52
53
14
8
76
51
68
63
12
78
20
77
93
3
46
12
68
70
45
39
75
26
65
32
4
95
6
43
17
31
8
19
28
33
82
27
33
100
74
8
56
13
84
4
59
80
35
99
84
30
29
35
14
9
13
89
42
2
12
30
30
83
33
50
46
26
50
36
9
14
23
34
31
53
62
32
51
24
67
93
10
85
100
100
24
80
68
82
59
63
19
79
49
58
10
10
2
61
22
61
45
70
52
